#natypes
3
#atypes
1	0
2	1
3	2
4	0
5	1
6	2
7	0
8	1
9	2
10	0
11	1
12	2
13	0
14	1
15	2
16	0
17	1
18	2
19	0
20	1
21	2
22	0
23	1
24	2
25	0
26	1
27	2
28	0
29	1
30	2
31	0
32	1
33	2
34	0
35	1
36	2
37	0
38	1
39	2
40	0
41	1
42	2
43	0
44	1
45	2
46	0
47	1
48	2
49	0
50	1
51	2
52	0
53	1
54	2
55	0
56	1
57	2
58	0
59	1
60	2
61	0
62	1
63	2
64	0
65	1
66	2
67	0
68	1
69	2
70	0
71	1
72	2
73	0
74	1
75	2
76	0
77	1
78	2
79	0
80	1
81	2
82	0
83	1
84	2
85	0
86	1
87	2
88	0
89	1
90	2
91	0
92	1
93	2
94	0
95	1
96	2
97	0
98	1
99	2
100	0
101	1
102	2
103	0
104	1
105	2
106	0
107	1
108	2
109	0
110	1
111	2
112	0
113	1
114	2
115	0
116	1
117	2
118	0
119	1
120	2
121	0
122	1
123	2
124	0
125	1
126	2
127	0
128	1
129	2
130	0
131	1
132	2
133	0
134	1
135	2
136	0
137	1
138	2
139	0
140	1
141	2
142	0
143	1
144	2
145	0
146	1
147	2
148	0
149	1
150	2
151	0
152	1
153	2
154	0
155	1
156	2
157	0
158	1
159	2
160	0
161	1
162	2
163	0
164	1
165	2
166	0
167	1
168	2
169	0
170	1
171	2
172	0
173	1
174	2
175	0
176	1
177	2
178	0
179	1
180	2
181	0
182	1
183	2
184	0
185	1
186	2
187	0
188	1
189	2
190	0
191	1
192	2
193	0
194	1
195	2
196	0
197	1
198	2
199	0
200	1
201	2
202	0
203	1
204	2
205	0
206	1
207	2
208	0
209	1
210	2
211	0
212	1
213	2
214	0
215	1
216	2
217	0
218	1
219	2
220	0
221	1
222	2
223	0
224	1
225	2
226	0
227	1
228	2
229	0
230	1
231	2
232	0
233	1
234	2
235	0
236	1
237	2
238	0
239	1
240	2
241	0
242	1
243	2
244	0
245	1
246	2
247	0
248	1
249	2
250	0
251	1
252	2
253	0
254	1
255	2
256	0
257	1
258	2
259	0
260	1
261	2
262	0
263	1
264	2
265	0
266	1
267	2
268	0
269	1
270	2
271	0
272	1
273	2
274	0
275	1
276	2
277	0
278	1
279	2
280	0
281	1
282	2
283	0
284	1
285	2
286	0
287	1
288	2
289	0
290	1
291	2
292	0
293	1
294	2
295	0
296	1
297	2
298	0
299	1
300	2
301	0
302	1
303	2
304	0
305	1
306	2
307	0
308	1
309	2
310	0
311	1
312	2
313	0
314	1
315	2
316	0
317	1
318	2
319	0
320	1
321	2
322	0
323	1
324	2
325	0
326	1
327	2
328	0
329	1
330	2
331	0
332	1
333	2
334	0
335	1
336	2
337	0
338	1
339	2
340	0
341	1
342	2
343	0
344	1
345	2
346	0
347	1
348	2
349	0
350	1
351	2
352	0
353	1
354	2
355	0
356	1
357	2
358	0
359	1
360	2
361	0
362	1
363	2
364	0
365	1
366	2
367	0
368	1
369	2
370	0
371	1
372	2
373	0
374	1
375	2
376	0
377	1
378	2
379	0
380	1
381	2
382	0
383	1
384	2
385	0
386	1
387	2
388	0
389	1
390	2
391	0
392	1
393	2
394	0
395	1
396	2
397	0
398	1
399	2
400	0
401	1
402	2
403	0
404	1
405	2
406	0
407	1
408	2
409	0
410	1
411	2
412	0
413	1
414	2
415	0
416	1
417	2
418	0
419	1
420	2
421	0
422	1
423	2
424	0
425	1
426	2
427	0
428	1
429	2
430	0
431	1
432	2
433	0
434	1
435	2
436	0
437	1
438	2
439	0
440	1
441	2
442	0
443	1
444	2
445	0
446	1
447	2
448	0
449	1
450	2
451	0
452	1
453	2
454	0
455	1
456	2
457	0
458	1
459	2
460	0
461	1
462	2
463	0
464	1
465	2
466	0
467	1
468	2
469	0
470	1
471	2
472	0
473	1
474	2
475	0
476	1
477	2
478	0
479	1
480	2
481	0
482	1
483	2
484	0
485	1
486	2
487	0
488	1
489	2
490	0
491	1
492	2
493	0
494	1
495	2
496	0
497	1
498	2
499	0
500	1
501	2
502	0
503	1
504	2
505	0
506	1
507	2
508	0
509	1
510	2
511	0
512	1
513	2
514	0
515	1
516	2
517	0
518	1
519	2
520	0
521	1
522	2
523	0
524	1
525	2
526	0
527	1
528	2
529	0
530	1
531	2
532	0
533	1
534	2
535	0
536	1
537	2
538	0
539	1
540	2
541	0
542	1
543	2
544	0
545	1
546	2
547	0
548	1
549	2
550	0
551	1
552	2
553	0
554	1
555	2
556	0
557	1
558	2
559	0
560	1
561	2
562	0
563	1
564	2
565	0
566	1
567	2
568	0
569	1
570	2
571	0
572	1
573	2
574	0
575	1
576	2
577	0
578	1
579	2
580	0
581	1
582	2
583	0
584	1
585	2
586	0
587	1
588	2
589	0
590	1
591	2
592	0
593	1
594	2
595	0
596	1
597	2
598	0
599	1
600	2
601	0
602	1
603	2
604	0
605	1
606	2
607	0
608	1
609	2
610	0
611	1
612	2
613	0
614	1
615	2
616	0
617	1
618	2
619	0
620	1
621	2
622	0
623	1
624	2
625	0
626	1
627	2
628	0
629	1
630	2
631	0
632	1
633	2
634	0
635	1
636	2
637	0
638	1
639	2
640	0
641	1
642	2
643	0
644	1
645	2
646	0
647	1
648	2
649	0
650	1
651	2
652	0
653	1
654	2
655	0
656	1
657	2
658	0
659	1
660	2
661	0
662	1
663	2
664	0
665	1
666	2
667	0
668	1
669	2
670	0
671	1
672	2
673	0
674	1
675	2
676	0
677	1
678	2
679	0
680	1
681	2
682	0
683	1
684	2
685	0
686	1
687	2
688	0
689	1
690	2
691	0
692	1
693	2
694	0
695	1
696	2
697	0
698	1
699	2
700	0
701	1
702	2
703	0
704	1
705	2
706	0
707	1
708	2
709	0
710	1
711	2
712	0
713	1
714	2
715	0
716	1
717	2
718	0
719	1
720	2
721	0
722	1
723	2
724	0
725	1
726	2
727	0
728	1
729	2
730	0
731	1
732	2
733	0
734	1
735	2
736	0
737	1
738	2
739	0
740	1
741	2
742	0
743	1
744	2
745	0
746	1
747	2
748	0
749	1
750	2
751	0
752	1
753	2
754	0
755	1
756	2
757	0
758	1
759	2
760	0
761	1
762	2
763	0
764	1
765	2
766	0
767	1
768	2
769	0
770	1
771	2
772	0
773	1
774	2
775	0
776	1
777	2
778	0
779	1
780	2
781	0
782	1
783	2
784	0
785	1
786	2
787	0
788	1
789	2
790	0
791	1
792	2
793	0
794	1
795	2
796	0
797	1
798	2
799	0
800	1
801	2
802	0
803	1
804	2
805	0
806	1
807	2
808	0
809	1
810	2
811	0
812	1
813	2
814	0
815	1
816	2
817	0
818	1
819	2
820	0
821	1
822	2
823	0
824	1
825	2
826	0
827	1
828	2
829	0
830	1
831	2
832	0
833	1
834	2
835	0
836	1
837	2
838	0
839	1
840	2
841	0
842	1
843	2
844	0
845	1
846	2
847	0
848	1
849	2
850	0
851	1
852	2
853	0
854	1
855	2
856	0
857	1
858	2
859	0
860	1
861	2
862	0
863	1
864	2
865	0
866	1
867	2
868	0
869	1
870	2
871	0
872	1
873	2
874	0
875	1
876	2
877	0
878	1
879	2
880	0
881	1
882	2
883	0
884	1
885	2
886	0
887	1
888	2
889	0
890	1
891	2
892	0
893	1
894	2
895	0
896	1
897	2
898	0
899	1
900	2
901	0
902	1
903	2
904	0
905	1
906	2
907	0
908	1
909	2
910	0
911	1
912	2
913	0
914	1
915	2
916	0
917	1
918	2
919	0
920	1
921	2
922	0
923	1
924	2
925	0
926	1
927	2
928	0
929	1
930	2
931	0
932	1
933	2
934	0
935	1
936	2
937	0
938	1
939	2
940	0
941	1
942	2
943	0
944	1
945	2
946	0
947	1
948	2
949	0
950	1
951	2
952	0
953	1
954	2
955	0
956	1
957	2
958	0
959	1
960	2
961	0
962	1
963	2
964	0
965	1
966	2
967	0
968	1
969	2
970	0
971	1
972	2
973	0
974	1
975	2
976	0
977	1
978	2
979	0
980	1
981	2
982	0
983	1
984	2
985	0
986	1
987	2
988	0
989	1
990	2
991	0
992	1
993	2
994	0
995	1
996	2
997	0
998	1
999	2
1000	0
1001	1
1002	2
1003	0
1004	1
1005	2
1006	0
1007	1
1008	2
1009	0
1010	1
1011	2
1012	0
1013	1
1014	2
1015	0
1016	1
1017	2
1018	0
1019	1
1020	2
1021	0
1022	1
1023	2
1024	0
1025	1
1026	2
1027	0
1028	1
1029	2
1030	0
1031	1
1032	2
1033	0
1034	1
1035	2
1036	0
1037	1
1038	2
1039	0
1040	1
1041	2
1042	0
1043	1
1044	2
1045	0
1046	1
1047	2
1048	0
1049	1
1050	2
1051	0
1052	1
1053	2
1054	0
1055	1
1056	2
1057	0
1058	1
1059	2
1060	0
1061	1
1062	2
1063	0
1064	1
1065	2
1066	0
1067	1
1068	2
1069	0
1070	1
1071	2
1072	0
1073	1
1074	2
1075	0
1076	1
1077	2
1078	0
1079	1
1080	2
1081	0
1082	1
1083	2
1084	0
1085	1
1086	2
1087	0
1088	1
1089	2
1090	0
1091	1
1092	2
1093	0
1094	1
1095	2
1096	0
1097	1
1098	2
1099	0
1100	1
1101	2
1102	0
1103	1
1104	2
1105	0
1106	1
1107	2
1108	0
1109	1
1110	2
1111	0
1112	1
1113	2
1114	0
1115	1
1116	2
1117	0
1118	1
1119	2
1120	0
1121	1
1122	2
1123	0
1124	1
1125	2
1126	0
1127	1
1128	2
1129	0
1130	1
1131	2
1132	0
1133	1
1134	2
1135	0
1136	1
1137	2
1138	0
1139	1
1140	2
1141	0
1142	1
1143	2
1144	0
1145	1
1146	2
1147	0
1148	1
1149	2
1150	0
1151	1
1152	2
1153	0
1154	1
1155	2
1156	0
1157	1
1158	2
1159	0
1160	1
1161	2
1162	0
1163	1
1164	2
1165	0
1166	1
1167	2
1168	0
1169	1
1170	2
1171	0
1172	1
1173	2
1174	0
1175	1
1176	2
1177	0
1178	1
1179	2
1180	0
1181	1
1182	2
1183	0
1184	1
1185	2
1186	0
1187	1
1188	2
1189	0
1190	1
1191	2
1192	0
1193	1
1194	2
1195	0
1196	1
1197	2
1198	0
1199	1
1200	2
1201	0
1202	1
1203	2
1204	0
1205	1
1206	2
1207	0
1208	1
1209	2
1210	0
1211	1
1212	2
1213	0
1214	1
1215	2
1216	0
1217	1
1218	2
1219	0
1220	1
1221	2
1222	0
1223	1
1224	2
1225	0
1226	1
1227	2
1228	0
1229	1
1230	2
1231	0
1232	1
1233	2
1234	0
1235	1
1236	2
1237	0
1238	1
1239	2
1240	0
1241	1
1242	2
1243	0
1244	1
1245	2
1246	0
1247	1
1248	2
1249	0
1250	1
1251	2
1252	0
1253	1
1254	2
1255	0
1256	1
1257	2
1258	0
1259	1
1260	2
1261	0
1262	1
1263	2
1264	0
1265	1
1266	2
1267	0
1268	1
1269	2
1270	0
1271	1
1272	2
1273	0
1274	1
1275	2
1276	0
1277	1
1278	2
1279	0
1280	1
1281	2
1282	0
1283	1
1284	2
1285	0
1286	1
1287	2
1288	0
1289	1
1290	2
1291	0
1292	1
1293	2
1294	0
1295	1
1296	2
1297	0
1298	1
1299	2
1300	0
1301	1
1302	2
1303	0
1304	1
1305	2
1306	0
1307	1
1308	2
1309	0
1310	1
1311	2
1312	0
1313	1
1314	2
1315	0
1316	1
1317	2
1318	0
1319	1
1320	2
1321	0
1322	1
1323	2
1324	0
1325	1
1326	2
1327	0
1328	1
1329	2
1330	0
1331	1
1332	2
1333	0
1334	1
1335	2
1336	0
1337	1
1338	2
1339	0
1340	1
1341	2
1342	0
1343	1
1344	2
1345	0
1346	1
1347	2
1348	0
1349	1
1350	2
1351	0
1352	1
1353	2
1354	0
1355	1
1356	2
1357	0
1358	1
1359	2
1360	0
1361	1
1362	2
1363	0
1364	1
1365	2
1366	0
1367	1
1368	2
1369	0
1370	1
1371	2
1372	0
1373	1
1374	2
1375	0
1376	1
1377	2
1378	0
1379	1
1380	2
1381	0
1382	1
1383	2
1384	0
1385	1
1386	2
1387	0
1388	1
1389	2
1390	0
1391	1
1392	2
1393	0
1394	1
1395	2
1396	0
1397	1
1398	2
1399	0
1400	1
1401	2
1402	0
1403	1
1404	2
1405	0
1406	1
1407	2
1408	0
1409	1
1410	2
1411	0
1412	1
1413	2
1414	0
1415	1
1416	2
1417	0
1418	1
1419	2
1420	0
1421	1
1422	2
1423	0
1424	1
1425	2
1426	0
1427	1
1428	2
1429	0
1430	1
1431	2
1432	0
1433	1
1434	2
1435	0
1436	1
1437	2
1438	0
1439	1
1440	2
1441	0
1442	1
1443	2
1444	0
1445	1
1446	2
1447	0
1448	1
1449	2
1450	0
1451	1
1452	2
1453	0
1454	1
1455	2
1456	0
1457	1
1458	2
1459	0
1460	1
1461	2
1462	0
1463	1
1464	2
1465	0
1466	1
1467	2
1468	0
1469	1
1470	2
1471	0
1472	1
1473	2
1474	0
1475	1
1476	2
1477	0
1478	1
1479	2
1480	0
1481	1
1482	2
1483	0
1484	1
1485	2
1486	0
1487	1
1488	2
1489	0
1490	1
1491	2
1492	0
1493	1
1494	2
1495	0
1496	1
1497	2
1498	0
1499	1
1500	2
1501	0
1502	1
1503	2
1504	0
1505	1
1506	2
1507	0
1508	1
1509	2
1510	0
1511	1
1512	2
1513	0
1514	1
1515	2
1516	0
1517	1
1518	2
1519	0
1520	1
1521	2
1522	0
1523	1
1524	2
1525	0
1526	1
1527	2
1528	0
1529	1
1530	2
1531	0
1532	1
1533	2
1534	0
1535	1
1536	2
1537	0
1538	1
1539	2
1540	0
1541	1
1542	2
1543	0
1544	1
1545	2
1546	0
1547	1
1548	2
1549	0
1550	1
1551	2
1552	0
1553	1
1554	2
1555	0
1556	1
1557	2
1558	0
1559	1
1560	2
1561	0
1562	1
1563	2
1564	0
1565	1
1566	2
1567	0
1568	1
1569	2
1570	0
1571	1
1572	2
1573	0
1574	1
1575	2
1576	0
1577	1
1578	2
1579	0
1580	1
1581	2
1582	0
1583	1
1584	2
1585	0
1586	1
1587	2
1588	0
1589	1
1590	2
1591	0
1592	1
1593	2
1594	0
1595	1
1596	2
1597	0
1598	1
1599	2
1600	0
1601	1
1602	2
1603	0
1604	1
1605	2
1606	0
1607	1
1608	2
1609	0
1610	1
1611	2
1612	0
1613	1
1614	2
1615	0
1616	1
1617	2
1618	0
1619	1
1620	2
1621	0
1622	1
1623	2
1624	0
1625	1
1626	2
1627	0
1628	1
1629	2
1630	0
1631	1
1632	2
1633	0
1634	1
1635	2
1636	0
1637	1
1638	2
1639	0
1640	1
1641	2
1642	0
1643	1
1644	2
1645	0
1646	1
1647	2
1648	0
1649	1
1650	2
1651	0
1652	1
1653	2
1654	0
1655	1
1656	2
1657	0
1658	1
1659	2
1660	0
1661	1
1662	2
1663	0
1664	1
1665	2
1666	0
1667	1
1668	2
1669	0
1670	1
1671	2
1672	0
1673	1
1674	2
1675	0
1676	1
1677	2
1678	0
1679	1
1680	2
1681	0
1682	1
1683	2
1684	0
1685	1
1686	2
1687	0
1688	1
1689	2
1690	0
1691	1
1692	2
1693	0
1694	1
1695	2
1696	0
1697	1
1698	2
1699	0
1700	1
1701	2
1702	0
1703	1
1704	2
1705	0
1706	1
1707	2
1708	0
1709	1
1710	2
1711	0
1712	1
1713	2
1714	0
1715	1
1716	2
1717	0
1718	1
1719	2
1720	0
1721	1
1722	2
1723	0
1724	1
1725	2
1726	0
1727	1
1728	2
1729	0
1730	1
1731	2
1732	0
1733	1
1734	2
1735	0
1736	1
1737	2
1738	0
1739	1
1740	2
1741	0
1742	1
1743	2
1744	0
1745	1
1746	2
1747	0
1748	1
1749	2
1750	0
1751	1
1752	2
1753	0
1754	1
1755	2
1756	0
1757	1
1758	2
1759	0
1760	1
1761	2
1762	0
1763	1
1764	2
1765	0
1766	1
1767	2
1768	0
1769	1
1770	2
1771	0
1772	1
1773	2
1774	0
1775	1
1776	2
1777	0
1778	1
1779	2
1780	0
1781	1
1782	2
1783	0
1784	1
1785	2
1786	0
1787	1
1788	2
1789	0
1790	1
1791	2
1792	0
1793	1
1794	2
1795	0
1796	1
1797	2
1798	0
1799	1
1800	2
1801	0
1802	1
1803	2
1804	0
1805	1
1806	2
1807	0
1808	1
1809	2
1810	0
1811	1
1812	2
1813	0
1814	1
1815	2
1816	0
1817	1
1818	2
1819	0
1820	1
1821	2
1822	0
1823	1
1824	2
1825	0
1826	1
1827	2
1828	0
1829	1
1830	2
1831	0
1832	1
1833	2
1834	0
1835	1
1836	2
1837	0
1838	1
1839	2
1840	0
1841	1
1842	2
1843	0
1844	1
1845	2
1846	0
1847	1
1848	2
1849	0
1850	1
1851	2
1852	0
1853	1
1854	2
1855	0
1856	1
1857	2
1858	0
1859	1
1860	2
1861	0
1862	1
1863	2
1864	0
1865	1
1866	2
1867	0
1868	1
1869	2
1870	0
1871	1
1872	2
1873	0
1874	1
1875	2
1876	0
1877	1
1878	2
1879	0
1880	1
1881	2
1882	0
1883	1
1884	2
1885	0
1886	1
1887	2
1888	0
1889	1
1890	2
1891	0
1892	1
1893	2
1894	0
1895	1
1896	2
1897	0
1898	1
1899	2
1900	0
1901	1
1902	2
1903	0
1904	1
1905	2
1906	0
1907	1
1908	2
1909	0
1910	1
1911	2
1912	0
1913	1
1914	2
1915	0
1916	1
1917	2
1918	0
1919	1
1920	2
1921	0
1922	1
1923	2
1924	0
1925	1
1926	2
1927	0
1928	1
1929	2
1930	0
1931	1
1932	2
1933	0
1934	1
1935	2
1936	0
1937	1
1938	2
1939	0
1940	1
1941	2
1942	0
1943	1
1944	2
1945	0
1946	1
1947	2
1948	0
1949	1
1950	2
1951	0
1952	1
1953	2
1954	0
1955	1
1956	2
1957	0
1958	1
1959	2
1960	0
1961	1
1962	2
1963	0
1964	1
1965	2
1966	0
1967	1
1968	2
1969	0
1970	1
1971	2
1972	0
1973	1
1974	2
1975	0
1976	1
1977	2
1978	0
1979	1
1980	2
1981	0
1982	1
1983	2
1984	0
1985	1
1986	2
1987	0
1988	1
1989	2
1990	0
1991	1
1992	2
1993	0
1994	1
1995	2
1996	0
1997	1
1998	2
1999	0
2000	1
2001	2
2002	0
2003	1
2004	2
2005	0
2006	1
2007	2
2008	0
2009	1
2010	2
2011	0
2012	1
2013	2
2014	0
2015	1
2016	2
2017	0
2018	1
2019	2
2020	0
2021	1
2022	2
2023	0
2024	1
2025	2
2026	0
2027	1
2028	2
2029	0
2030	1
2031	2
2032	0
2033	1
2034	2
2035	0
2036	1
2037	2
2038	0
2039	1
2040	2
2041	0
2042	1
2043	2
2044	0
2045	1
2046	2
2047	0
2048	1
2049	2
2050	0
2051	1
2052	2
2053	0
2054	1
2055	2
2056	0
2057	1
2058	2
2059	0
2060	1
2061	2
2062	0
2063	1
2064	2
2065	0
2066	1
2067	2
2068	0
2069	1
2070	2
2071	0
2072	1
2073	2
2074	0
2075	1
2076	2
2077	0
2078	1
2079	2
2080	0
2081	1
2082	2
2083	0
2084	1
2085	2
2086	0
2087	1
2088	2
2089	0
2090	1
2091	2
2092	0
2093	1
2094	2
2095	0
2096	1
2097	2
2098	0
2099	1
2100	2
2101	0
2102	1
2103	2
2104	0
2105	1
2106	2
2107	0
2108	1
2109	2
2110	0
2111	1
2112	2
2113	0
2114	1
2115	2
2116	0
2117	1
2118	2
2119	0
2120	1
2121	2
2122	0
2123	1
2124	2
2125	0
2126	1
2127	2
2128	0
2129	1
2130	2
2131	0
2132	1
2133	2
2134	0
2135	1
2136	2
2137	0
2138	1
2139	2
2140	0
2141	1
2142	2
2143	0
2144	1
2145	2
2146	0
2147	1
2148	2
2149	0
2150	1
2151	2
2152	0
2153	1
2154	2
2155	0
2156	1
2157	2
2158	0
2159	1
2160	2
2161	0
2162	1
2163	2
2164	0
2165	1
2166	2
2167	0
2168	1
2169	2
2170	0
2171	1
2172	2
2173	0
2174	1
2175	2
2176	0
2177	1
2178	2
2179	0
2180	1
2181	2
2182	0
2183	1
2184	2
2185	0
2186	1
2187	2
2188	0
2189	1
2190	2
2191	0
2192	1
2193	2
2194	0
2195	1
2196	2
2197	0
2198	1
2199	2
2200	0
2201	1
2202	2
2203	0
2204	1
2205	2
2206	0
2207	1
2208	2
2209	0
2210	1
2211	2
2212	0
2213	1
2214	2
2215	0
2216	1
2217	2
2218	0
2219	1
2220	2
2221	0
2222	1
2223	2
2224	0
2225	1
2226	2
2227	0
2228	1
2229	2
2230	0
2231	1
2232	2
2233	0
2234	1
2235	2
2236	0
2237	1
2238	2
2239	0
2240	1
2241	2
2242	0
2243	1
2244	2
2245	0
2246	1
2247	2
2248	0
2249	1
2250	2
2251	0
2252	1
2253	2
2254	0
2255	1
2256	2
2257	0
2258	1
2259	2
2260	0
2261	1
2262	2
2263	0
2264	1
2265	2
2266	0
2267	1
2268	2
2269	0
2270	1
2271	2
2272	0
2273	1
2274	2
2275	0
2276	1
2277	2
2278	0
2279	1
2280	2
2281	0
2282	1
2283	2
2284	0
2285	1
2286	2
2287	0
2288	1
2289	2
2290	0
2291	1
2292	2
2293	0
2294	1
2295	2
2296	0
2297	1
2298	2
2299	0
2300	1
2301	2
2302	0
2303	1
2304	2
2305	0
2306	1
2307	2
2308	0
2309	1
2310	2
2311	0
2312	1
2313	2
2314	0
2315	1
2316	2
2317	0
2318	1
2319	2
2320	0
2321	1
2322	2
2323	0
2324	1
2325	2
2326	0
2327	1
2328	2
2329	0
2330	1
2331	2
2332	0
2333	1
2334	2
2335	0
2336	1
2337	2
2338	0
2339	1
2340	2
2341	0
2342	1
2343	2
2344	0
2345	1
2346	2
2347	0
2348	1
2349	2
2350	0
2351	1
2352	2
2353	0
2354	1
2355	2
2356	0
2357	1
2358	2
2359	0
2360	1
2361	2
2362	0
2363	1
2364	2
2365	0
2366	1
2367	2
2368	0
2369	1
2370	2
2371	0
2372	1
2373	2
2374	0
2375	1
2376	2
2377	0
2378	1
2379	2
2380	0
2381	1
2382	2
2383	0
2384	1
2385	2
2386	0
2387	1
2388	2
2389	0
2390	1
2391	2
2392	0
2393	1
2394	2
2395	0
2396	1
2397	2
2398	0
2399	1
2400	2
2401	0
2402	1
2403	2
2404	0
2405	1
2406	2
2407	0
2408	1
2409	2
2410	0
2411	1
2412	2
2413	0
2414	1
2415	2
2416	0
2417	1
2418	2
2419	0
2420	1
2421	2
2422	0
2423	1
2424	2
2425	0
2426	1
2427	2
2428	0
2429	1
2430	2
2431	0
2432	1
2433	2
2434	0
2435	1
2436	2
2437	0
2438	1
2439	2
2440	0
2441	1
2442	2
2443	0
2444	1
2445	2
2446	0
2447	1
2448	2
2449	0
2450	1
2451	2
2452	0
2453	1
2454	2
2455	0
2456	1
2457	2
2458	0
2459	1
2460	2
2461	0
2462	1
2463	2
2464	0
2465	1
2466	2
2467	0
2468	1
2469	2
2470	0
2471	1
2472	2
2473	0
2474	1
2475	2
2476	0
2477	1
2478	2
2479	0
2480	1
2481	2
2482	0
2483	1
2484	2
2485	0
2486	1
2487	2
2488	0
2489	1
2490	2
2491	0
2492	1
2493	2
2494	0
2495	1
2496	2
2497	0
2498	1
2499	2
2500	0
2501	1
2502	2
2503	0
2504	1
2505	2
2506	0
2507	1
2508	2
2509	0
2510	1
2511	2
2512	0
2513	1
2514	2
2515	0
2516	1
2517	2
2518	0
2519	1
2520	2
2521	0
2522	1
2523	2
2524	0
2525	1
2526	2
2527	0
2528	1
2529	2
2530	0
2531	1
2532	2
2533	0
2534	1
2535	2
2536	0
2537	1
2538	2
2539	0
2540	1
2541	2
2542	0
2543	1
2544	2
2545	0
2546	1
2547	2
2548	0
2549	1
2550	2
2551	0
2552	1
2553	2
2554	0
2555	1
2556	2
2557	0
2558	1
2559	2
2560	0
2561	1
2562	2
2563	0
2564	1
2565	2
2566	0
2567	1
2568	2
2569	0
2570	1
2571	2
2572	0
2573	1
2574	2
2575	0
2576	1
2577	2
2578	0
2579	1
2580	2
2581	0
2582	1
2583	2
2584	0
2585	1
2586	2
2587	0
2588	1
2589	2
2590	0
2591	1
2592	2
2593	0
2594	1
2595	2
2596	0
2597	1
2598	2
2599	0
2600	1
2601	2
2602	0
2603	1
2604	2
2605	0
2606	1
2607	2
2608	0
2609	1
2610	2
2611	0
2612	1
2613	2
2614	0
2615	1
2616	2
2617	0
2618	1
2619	2
2620	0
2621	1
2622	2
2623	0
2624	1
2625	2
2626	0
2627	1
2628	2
2629	0
2630	1
2631	2
2632	0
2633	1
2634	2
2635	0
2636	1
2637	2
2638	0
2639	1
2640	2
2641	0
2642	1
2643	2
2644	0
2645	1
2646	2
2647	0
2648	1
2649	2
2650	0
2651	1
2652	2
2653	0
2654	1
2655	2
2656	0
2657	1
2658	2
2659	0
2660	1
2661	2
2662	0
2663	1
2664	2
2665	0
2666	1
2667	2
2668	0
2669	1
2670	2
2671	0
2672	1
2673	2
2674	0
2675	1
2676	2
2677	0
2678	1
2679	2
2680	0
2681	1
2682	2
2683	0
2684	1
2685	2
2686	0
2687	1
2688	2
2689	0
2690	1
2691	2
2692	0
2693	1
2694	2
2695	0
2696	1
2697	2
2698	0
2699	1
2700	2
2701	0
2702	1
2703	2
2704	0
2705	1
2706	2
2707	0
2708	1
2709	2
2710	0
2711	1
2712	2
2713	0
2714	1
2715	2
2716	0
2717	1
2718	2
2719	0
2720	1
2721	2
2722	0
2723	1
2724	2
2725	0
2726	1
2727	2
2728	0
2729	1
2730	2
2731	0
2732	1
2733	2
2734	0
2735	1
2736	2
2737	0
2738	1
2739	2
2740	0
2741	1
2742	2
2743	0
2744	1
2745	2
2746	0
2747	1
2748	2
2749	0
2750	1
2751	2
2752	0
2753	1
2754	2
2755	0
2756	1
2757	2
2758	0
2759	1
2760	2
2761	0
2762	1
2763	2
2764	0
2765	1
2766	2
2767	0
2768	1
2769	2
2770	0
2771	1
2772	2
2773	0
2774	1
2775	2
2776	0
2777	1
2778	2
2779	0
2780	1
2781	2
2782	0
2783	1
2784	2
2785	0
2786	1
2787	2
2788	0
2789	1
2790	2
2791	0
2792	1
2793	2
2794	0
2795	1
2796	2
2797	0
2798	1
2799	2
2800	0
2801	1
2802	2
2803	0
2804	1
2805	2
2806	0
2807	1
2808	2
2809	0
2810	1
2811	2
2812	0
2813	1
2814	2
2815	0
2816	1
2817	2
2818	0
2819	1
2820	2
2821	0
2822	1
2823	2
2824	0
2825	1
2826	2
2827	0
2828	1
2829	2
2830	0
2831	1
2832	2
2833	0
2834	1
2835	2
2836	0
2837	1
2838	2
2839	0
2840	1
2841	2
2842	0
2843	1
2844	2
2845	0
2846	1
2847	2
2848	0
2849	1
2850	2
2851	0
2852	1
2853	2
2854	0
2855	1
2856	2
2857	0
2858	1
2859	2
2860	0
2861	1
2862	2
2863	0
2864	1
2865	2
2866	0
2867	1
2868	2
2869	0
2870	1
2871	2
2872	0
2873	1
2874	2
2875	0
2876	1
2877	2
2878	0
2879	1
2880	2
2881	0
2882	1
2883	2
2884	0
2885	1
2886	2
2887	0
2888	1
2889	2
2890	0
2891	1
2892	2
2893	0
2894	1
2895	2
2896	0
2897	1
2898	2
2899	0
2900	1
2901	2
2902	0
2903	1
2904	2
2905	0
2906	1
2907	2
2908	0
2909	1
2910	2
2911	0
2912	1
2913	2
2914	0
2915	1
2916	2
2917	0
2918	1
2919	2
2920	0
2921	1
2922	2
2923	0
2924	1
2925	2
2926	0
2927	1
2928	2
2929	0
2930	1
2931	2
2932	0
2933	1
2934	2
2935	0
2936	1
2937	2
2938	0
2939	1
2940	2
2941	0
2942	1
2943	2
2944	0
2945	1
2946	2
2947	0
2948	1
2949	2
2950	0
2951	1
2952	2
2953	0
2954	1
2955	2
2956	0
2957	1
2958	2
2959	0
2960	1
2961	2
2962	0
2963	1
2964	2
2965	0
2966	1
2967	2
2968	0
2969	1
2970	2
2971	0
2972	1
2973	2
2974	0
2975	1
2976	2
2977	0
2978	1
2979	2
2980	0
2981	1
2982	2
2983	0
2984	1
2985	2
2986	0
2987	1
2988	2
2989	0
2990	1
2991	2
2992	0
2993	1
2994	2
2995	0
2996	1
2997	2
2998	0
2999	1
3000	2
3001	0
3002	1
3003	2
3004	0
3005	1
3006	2
3007	0
3008	1
3009	2
3010	0
3011	1
3012	2
3013	0
3014	1
3015	2
3016	0
3017	1
3018	2
3019	0
3020	1
3021	2
3022	0
3023	1
3024	2
3025	0
3026	1
3027	2
3028	0
3029	1
3030	2
3031	0
3032	1
3033	2
3034	0
3035	1
3036	2
3037	0
3038	1
3039	2
3040	0
3041	1
3042	2
3043	0
3044	1
3045	2
3046	0
3047	1
3048	2
3049	0
3050	1
3051	2
3052	0
3053	1
3054	2
3055	0
3056	1
3057	2
3058	0
3059	1
3060	2
3061	0
3062	1
3063	2
3064	0
3065	1
3066	2
3067	0
3068	1
3069	2
3070	0
3071	1
3072	2
3073	0
3074	1
3075	2
3076	0
3077	1
3078	2
3079	0
3080	1
3081	2
3082	0
3083	1
3084	2
3085	0
3086	1
3087	2
3088	0
3089	1
3090	2
3091	0
3092	1
3093	2
3094	0
3095	1
3096	2
3097	0
3098	1
3099	2
3100	0
3101	1
3102	2
3103	0
3104	1
3105	2
3106	0
3107	1
3108	2
3109	0
3110	1
3111	2
3112	0
3113	1
3114	2
3115	0
3116	1
3117	2
3118	0
3119	1
3120	2
3121	0
3122	1
3123	2
3124	0
3125	1
3126	2
3127	0
3128	1
3129	2
3130	0
3131	1
3132	2
3133	0
3134	1
3135	2
3136	0
3137	1
3138	2
3139	0
3140	1
3141	2
3142	0
3143	1
3144	2
3145	0
3146	1
3147	2
3148	0
3149	1
3150	2
3151	0
3152	1
3153	2
3154	0
3155	1
3156	2
3157	0
3158	1
3159	2
3160	0
3161	1
3162	2
3163	0
3164	1
3165	2
3166	0
3167	1
3168	2
3169	0
3170	1
3171	2
3172	0
3173	1
3174	2
3175	0
3176	1
3177	2
3178	0
3179	1
3180	2
3181	0
3182	1
3183	2
3184	0
3185	1
3186	2
3187	0
3188	1
3189	2
3190	0
3191	1
3192	2
3193	0
3194	1
3195	2
3196	0
3197	1
3198	2
3199	0
3200	1
3201	2
3202	0
3203	1
3204	2
3205	0
3206	1
3207	2
3208	0
3209	1
3210	2
3211	0
3212	1
3213	2
3214	0
3215	1
3216	2
3217	0
3218	1
3219	2
3220	0
3221	1
3222	2
3223	0
3224	1
3225	2
3226	0
3227	1
3228	2
3229	0
3230	1
3231	2
3232	0
3233	1
3234	2
3235	0
3236	1
3237	2
3238	0
3239	1
3240	2
3241	0
3242	1
3243	2
3244	0
3245	1
3246	2
3247	0
3248	1
3249	2
3250	0
3251	1
3252	2
3253	0
3254	1
3255	2
3256	0
3257	1
3258	2
3259	0
3260	1
3261	2
3262	0
3263	1
3264	2
3265	0
3266	1
3267	2
3268	0
3269	1
3270	2
3271	0
3272	1
3273	2
3274	0
3275	1
3276	2
3277	0
3278	1
3279	2
3280	0
3281	1
3282	2
3283	0
3284	1
3285	2
3286	0
3287	1
3288	2
3289	0
3290	1
3291	2
3292	0
3293	1
3294	2
3295	0
3296	1
3297	2
3298	0
3299	1
3300	2
3301	0
3302	1
3303	2
3304	0
3305	1
3306	2
3307	0
3308	1
3309	2
3310	0
3311	1
3312	2
3313	0
3314	1
3315	2
3316	0
3317	1
3318	2
3319	0
3320	1
3321	2
3322	0
3323	1
3324	2
3325	0
3326	1
3327	2
3328	0
3329	1
3330	2
3331	0
3332	1
3333	2
3334	0
3335	1
3336	2
3337	0
3338	1
3339	2
3340	0
3341	1
3342	2
3343	0
3344	1
3345	2
3346	0
3347	1
3348	2
3349	0
3350	1
3351	2
3352	0
3353	1
3354	2
3355	0
3356	1
3357	2
3358	0
3359	1
3360	2
3361	0
3362	1
3363	2
3364	0
3365	1
3366	2
3367	0
3368	1
3369	2
3370	0
3371	1
3372	2
3373	0
3374	1
3375	2
3376	0
3377	1
3378	2
3379	0
3380	1
3381	2
3382	0
3383	1
3384	2
3385	0
3386	1
3387	2
3388	0
3389	1
3390	2
3391	0
3392	1
3393	2
3394	0
3395	1
3396	2
3397	0
3398	1
3399	2
3400	0
3401	1
3402	2
3403	0
3404	1
3405	2
3406	0
3407	1
3408	2
3409	0
3410	1
3411	2
3412	0
3413	1
3414	2
3415	0
3416	1
3417	2
3418	0
3419	1
3420	2
3421	0
3422	1
3423	2
3424	0
3425	1
3426	2
3427	0
3428	1
3429	2
3430	0
3431	1
3432	2
3433	0
3434	1
3435	2
3436	0
3437	1
3438	2
3439	0
3440	1
3441	2
3442	0
3443	1
3444	2
3445	0
3446	1
3447	2
3448	0
3449	1
3450	2
3451	0
3452	1
3453	2
3454	0
3455	1
3456	2
3457	0
3458	1
3459	2
3460	0
3461	1
3462	2
3463	0
3464	1
3465	2
3466	0
3467	1
3468	2
3469	0
3470	1
3471	2
3472	0
3473	1
3474	2
3475	0
3476	1
3477	2
3478	0
3479	1
3480	2
3481	0
3482	1
3483	2
3484	0
3485	1
3486	2
3487	0
3488	1
3489	2
3490	0
3491	1
3492	2
3493	0
3494	1
3495	2
3496	0
3497	1
3498	2
3499	0
3500	1
3501	2
3502	0
3503	1
3504	2
3505	0
3506	1
3507	2
3508	0
3509	1
3510	2
3511	0
3512	1
3513	2
3514	0
3515	1
3516	2
3517	0
3518	1
3519	2
3520	0
3521	1
3522	2
3523	0
3524	1
3525	2
3526	0
3527	1
3528	2
3529	0
3530	1
3531	2
3532	0
3533	1
3534	2
3535	0
3536	1
3537	2
3538	0
3539	1
3540	2
3541	0
3542	1
3543	2
3544	0
3545	1
3546	2
3547	0
3548	1
3549	2
3550	0
3551	1
3552	2
3553	0
3554	1
3555	2
3556	0
3557	1
3558	2
3559	0
3560	1
3561	2
3562	0
3563	1
3564	2
3565	0
3566	1
3567	2
3568	0
3569	1
3570	2
3571	0
3572	1
3573	2
3574	0
3575	1
3576	2
3577	0
3578	1
3579	2
3580	0
3581	1
3582	2
3583	0
3584	1
3585	2
3586	0
3587	1
3588	2
3589	0
3590	1
3591	2
3592	0
3593	1
3594	2
3595	0
3596	1
3597	2
3598	0
3599	1
3600	2
3601	0
3602	1
3603	2
3604	0
3605	1
3606	2
3607	0
3608	1
3609	2
3610	0
3611	1
3612	2
3613	0
3614	1
3615	2
3616	0
3617	1
3618	2
3619	0
3620	1
3621	2
3622	0
3623	1
3624	2
3625	0
3626	1
3627	2
3628	0
3629	1
3630	2
3631	0
3632	1
3633	2
3634	0
3635	1
3636	2
3637	0
3638	1
3639	2
3640	0
3641	1
3642	2
3643	0
3644	1
3645	2
3646	0
3647	1
3648	2
3649	0
3650	1
3651	2
3652	0
3653	1
3654	2
3655	0
3656	1
3657	2
3658	0
3659	1
3660	2
3661	0
3662	1
3663	2
3664	0
3665	1
3666	2
3667	0
3668	1
3669	2
3670	0
3671	1
3672	2
3673	0
3674	1
3675	2
3676	0
3677	1
3678	2
3679	0
3680	1
3681	2
3682	0
3683	1
3684	2
3685	0
3686	1
3687	2
3688	0
3689	1
3690	2
3691	0
3692	1
3693	2
3694	0
3695	1
3696	2
3697	0
3698	1
3699	2
3700	0
3701	1
3702	2
3703	0
3704	1
3705	2
3706	0
3707	1
3708	2
3709	0
3710	1
3711	2
3712	0
3713	1
3714	2
3715	0
3716	1
3717	2
3718	0
3719	1
3720	2
3721	0
3722	1
3723	2
3724	0
3725	1
3726	2
3727	0
3728	1
3729	2
3730	0
3731	1
3732	2
3733	0
3734	1
3735	2
3736	0
3737	1
3738	2
3739	0
3740	1
3741	2
3742	0
3743	1
3744	2
3745	0
3746	1
3747	2
3748	0
3749	1
3750	2
3751	0
3752	1
3753	2
3754	0
3755	1
3756	2
3757	0
3758	1
3759	2
3760	0
3761	1
3762	2
3763	0
3764	1
3765	2
3766	0
3767	1
3768	2
3769	0
3770	1
3771	2
3772	0
3773	1
3774	2
3775	0
3776	1
3777	2
3778	0
3779	1
3780	2
3781	0
3782	1
3783	2
3784	0
3785	1
3786	2
3787	0
3788	1
3789	2
3790	0
3791	1
3792	2
3793	0
3794	1
3795	2
3796	0
3797	1
3798	2
3799	0
3800	1
3801	2
3802	0
3803	1
3804	2
3805	0
3806	1
3807	2
3808	0
3809	1
3810	2
3811	0
3812	1
3813	2
3814	0
3815	1
3816	2
3817	0
3818	1
3819	2
3820	0
3821	1
3822	2
3823	0
3824	1
3825	2
3826	0
3827	1
3828	2
3829	0
3830	1
3831	2
3832	0
3833	1
3834	2
3835	0
3836	1
3837	2
3838	0
3839	1
3840	2
3841	0
3842	1
3843	2
3844	0
3845	1
3846	2
3847	0
3848	1
3849	2
3850	0
3851	1
3852	2
3853	0
3854	1
3855	2
3856	0
3857	1
3858	2
3859	0
3860	1
3861	2
3862	0
3863	1
3864	2
3865	0
3866	1
3867	2
3868	0
3869	1
3870	2
3871	0
3872	1
3873	2
3874	0
3875	1
3876	2
3877	0
3878	1
3879	2
3880	0
3881	1
3882	2
3883	0
3884	1
3885	2
3886	0
3887	1
3888	2
3889	0
3890	1
3891	2
3892	0
3893	1
3894	2
3895	0
3896	1
3897	2
3898	0
3899	1
3900	2
3901	0
3902	1
3903	2
3904	0
3905	1
3906	2
3907	0
3908	1
3909	2
3910	0
3911	1
3912	2
3913	0
3914	1
3915	2
3916	0
3917	1
3918	2
3919	0
3920	1
3921	2
3922	0
3923	1
3924	2
3925	0
3926	1
3927	2
3928	0
3929	1
3930	2
3931	0
3932	1
3933	2
3934	0
3935	1
3936	2
3937	0
3938	1
3939	2
3940	0
3941	1
3942	2
3943	0
3944	1
3945	2
3946	0
3947	1
3948	2
3949	0
3950	1
3951	2
3952	0
3953	1
3954	2
3955	0
3956	1
3957	2
3958	0
3959	1
3960	2
3961	0
3962	1
3963	2
3964	0
3965	1
3966	2
3967	0
3968	1
3969	2
3970	0
3971	1
3972	2
3973	0
3974	1
3975	2
3976	0
3977	1
3978	2
3979	0
3980	1
3981	2
3982	0
3983	1
3984	2
3985	0
3986	1
3987	2
3988	0
3989	1
3990	2
3991	0
3992	1
3993	2
3994	0
3995	1
3996	2
3997	0
3998	1
3999	2
4000	0
4001	1
4002	2
4003	0
4004	1
4005	2
4006	0
4007	1
4008	2
4009	0
4010	1
4011	2
4012	0
4013	1
4014	2
4015	0
4016	1
4017	2
4018	0
4019	1
4020	2
4021	0
4022	1
4023	2
4024	0
4025	1
4026	2
4027	0
4028	1
4029	2
4030	0
4031	1
4032	2
4033	0
4034	1
4035	2
4036	0
4037	1
4038	2
4039	0
4040	1
4041	2
4042	0
4043	1
4044	2
4045	0
4046	1
4047	2
4048	0
4049	1
4050	2
4051	0
4052	1
4053	2
4054	0
4055	1
4056	2
4057	0
4058	1
4059	2
4060	0
4061	1
4062	2
4063	0
4064	1
4065	2
4066	0
4067	1
4068	2
4069	0
4070	1
4071	2
4072	0
4073	1
4074	2
4075	0
4076	1
4077	2
4078	0
4079	1
4080	2
4081	0
4082	1
4083	2
4084	0
4085	1
4086	2
4087	0
4088	1
4089	2
4090	0
4091	1
4092	2
4093	0
4094	1
4095	2
4096	0
4097	1
4098	2
4099	0
4100	1
4101	2
4102	0
4103	1
4104	2
4105	0
4106	1
4107	2
4108	0
4109	1
4110	2
4111	0
4112	1
4113	2
4114	0
4115	1
4116	2
4117	0
4118	1
4119	2
4120	0
4121	1
4122	2
4123	0
4124	1
4125	2
4126	0
4127	1
4128	2
4129	0
4130	1
4131	2
4132	0
4133	1
4134	2
4135	0
4136	1
4137	2
4138	0
4139	1
4140	2
4141	0
4142	1
4143	2
4144	0
4145	1
4146	2
4147	0
4148	1
4149	2
4150	0
4151	1
4152	2
4153	0
4154	1
4155	2
4156	0
4157	1
4158	2
4159	0
4160	1
4161	2
4162	0
4163	1
4164	2
4165	0
4166	1
4167	2
4168	0
4169	1
4170	2
4171	0
4172	1
4173	2
4174	0
4175	1
4176	2
4177	0
4178	1
4179	2
4180	0
4181	1
4182	2
4183	0
4184	1
4185	2
4186	0
4187	1
4188	2
4189	0
4190	1
4191	2
4192	0
4193	1
4194	2
4195	0
4196	1
4197	2
4198	0
4199	1
4200	2
4201	0
4202	1
4203	2
4204	0
4205	1
4206	2
4207	0
4208	1
4209	2
4210	0
4211	1
4212	2
4213	0
4214	1
4215	2
4216	0
4217	1
4218	2
4219	0
4220	1
4221	2
4222	0
4223	1
4224	2
4225	0
4226	1
4227	2
4228	0
4229	1
4230	2
4231	0
4232	1
4233	2
4234	0
4235	1
4236	2
4237	0
4238	1
4239	2
4240	0
4241	1
4242	2
4243	0
4244	1
4245	2
4246	0
4247	1
4248	2
4249	0
4250	1
4251	2
4252	0
4253	1
4254	2
4255	0
4256	1
4257	2
4258	0
4259	1
4260	2
4261	0
4262	1
4263	2
4264	0
4265	1
4266	2
4267	0
4268	1
4269	2
4270	0
4271	1
4272	2
4273	0
4274	1
4275	2
4276	0
4277	1
4278	2
4279	0
4280	1
4281	2
4282	0
4283	1
4284	2
4285	0
4286	1
4287	2
4288	0
4289	1
4290	2
4291	0
4292	1
4293	2
4294	0
4295	1
4296	2
4297	0
4298	1
4299	2
4300	0
4301	1
4302	2
4303	0
4304	1
4305	2
4306	0
4307	1
4308	2
4309	0
4310	1
4311	2
4312	0
4313	1
4314	2
4315	0
4316	1
4317	2
4318	0
4319	1
4320	2
4321	0
4322	1
4323	2
4324	0
4325	1
4326	2
4327	0
4328	1
4329	2
4330	0
4331	1
4332	2
4333	0
4334	1
4335	2
4336	0
4337	1
4338	2
4339	0
4340	1
4341	2
4342	0
4343	1
4344	2
4345	0
4346	1
4347	2
4348	0
4349	1
4350	2
4351	0
4352	1
4353	2
4354	0
4355	1
4356	2
4357	0
4358	1
4359	2
4360	0
4361	1
4362	2
4363	0
4364	1
4365	2
4366	0
4367	1
4368	2
4369	0
4370	1
4371	2
4372	0
4373	1
4374	2
4375	0
4376	1
4377	2
4378	0
4379	1
4380	2
4381	0
4382	1
4383	2
4384	0
4385	1
4386	2
4387	0
4388	1
4389	2
4390	0
4391	1
4392	2
4393	0
4394	1
4395	2
4396	0
4397	1
4398	2
4399	0
4400	1
4401	2
4402	0
4403	1
4404	2
4405	0
4406	1
4407	2
4408	0
4409	1
4410	2
4411	0
4412	1
4413	2
4414	0
4415	1
4416	2
4417	0
4418	1
4419	2
4420	0
4421	1
4422	2
4423	0
4424	1
4425	2
4426	0
4427	1
4428	2
4429	0
4430	1
4431	2
4432	0
4433	1
4434	2
4435	0
4436	1
4437	2
4438	0
4439	1
4440	2
4441	0
4442	1
4443	2
4444	0
4445	1
4446	2
4447	0
4448	1
4449	2
4450	0
4451	1
4452	2
4453	0
4454	1
4455	2
4456	0
4457	1
4458	2
4459	0
4460	1
4461	2
4462	0
4463	1
4464	2
4465	0
4466	1
4467	2
4468	0
4469	1
4470	2
4471	0
4472	1
4473	2
4474	0
4475	1
4476	2
4477	0
4478	1
4479	2
4480	0
4481	1
4482	2
4483	0
4484	1
4485	2
4486	0
4487	1
4488	2
4489	0
4490	1
4491	2
4492	0
4493	1
4494	2
4495	0
4496	1
4497	2
4498	0
4499	1
4500	2
4501	0
4502	1
4503	2
4504	0
4505	1
4506	2
4507	0
4508	1
4509	2
4510	0
4511	1
4512	2
4513	0
4514	1
4515	2
4516	0
4517	1
4518	2
4519	0
4520	1
4521	2
4522	0
4523	1
4524	2
4525	0
4526	1
4527	2
4528	0
4529	1
4530	2
4531	0
4532	1
4533	2
4534	0
4535	1
4536	2
4537	0
4538	1
4539	2
4540	0
4541	1
4542	2
4543	0
4544	1
4545	2
4546	0
4547	1
4548	2
4549	0
4550	1
4551	2
4552	0
4553	1
4554	2
4555	0
4556	1
4557	2
4558	0
4559	1
4560	2
4561	0
4562	1
4563	2
4564	0
4565	1
4566	2
4567	0
4568	1
4569	2
4570	0
4571	1
4572	2
4573	0
4574	1
4575	2
4576	0
4577	1
4578	2
4579	0
4580	1
4581	2
4582	0
4583	1
4584	2
4585	0
4586	1
4587	2
4588	0
4589	1
4590	2
4591	0
4592	1
4593	2
4594	0
4595	1
4596	2
4597	0
4598	1
4599	2
4600	0
4601	1
4602	2
4603	0
4604	1
4605	2
4606	0
4607	1
4608	2
4609	0
4610	1
4611	2
4612	0
4613	1
4614	2
4615	0
4616	1
4617	2
4618	0
4619	1
4620	2
4621	0
4622	1
4623	2
4624	0
4625	1
4626	2
4627	0
4628	1
4629	2
4630	0
4631	1
4632	2
4633	0
4634	1
4635	2
4636	0
4637	1
4638	2
4639	0
4640	1
4641	2
4642	0
4643	1
4644	2
4645	0
4646	1
4647	2
4648	0
4649	1
4650	2
4651	0
4652	1
4653	2
4654	0
4655	1
4656	2
4657	0
4658	1
4659	2
4660	0
4661	1
4662	2
4663	0
4664	1
4665	2
4666	0
4667	1
4668	2
4669	0
4670	1
4671	2
4672	0
4673	1
4674	2
4675	0
4676	1
4677	2
4678	0
4679	1
4680	2
4681	0
4682	1
4683	2
4684	0
4685	1
4686	2
4687	0
4688	1
4689	2
4690	0
4691	1
4692	2
4693	0
4694	1
4695	2
4696	0
4697	1
4698	2
4699	0
4700	1
4701	2
4702	0
4703	1
4704	2
4705	0
4706	1
4707	2
4708	0
4709	1
4710	2
4711	0
4712	1
4713	2
4714	0
4715	1
4716	2
4717	0
4718	1
4719	2
4720	0
4721	1
4722	2
4723	0
4724	1
4725	2
4726	0
4727	1
4728	2
4729	0
4730	1
4731	2
4732	0
4733	1
4734	2
4735	0
4736	1
4737	2
4738	0
4739	1
4740	2
4741	0
4742	1
4743	2
4744	0
4745	1
4746	2
4747	0
4748	1
4749	2
4750	0
4751	1
4752	2
4753	0
4754	1
4755	2
4756	0
4757	1
4758	2
4759	0
4760	1
4761	2
4762	0
4763	1
4764	2
4765	0
4766	1
4767	2
4768	0
4769	1
4770	2
4771	0
4772	1
4773	2
4774	0
4775	1
4776	2
4777	0
4778	1
4779	2
4780	0
4781	1
4782	2
4783	0
4784	1
4785	2
4786	0
4787	1
4788	2
4789	0
4790	1
4791	2
4792	0
4793	1
4794	2
4795	0
4796	1
4797	2
4798	0
4799	1
4800	2
4801	0
4802	1
4803	2
4804	0
4805	1
4806	2
4807	0
4808	1
4809	2
4810	0
4811	1
4812	2
4813	0
4814	1
4815	2
4816	0
4817	1
4818	2
4819	0
4820	1
4821	2
4822	0
4823	1
4824	2
4825	0
4826	1
4827	2
4828	0
4829	1
4830	2
4831	0
4832	1
4833	2
4834	0
4835	1
4836	2
4837	0
4838	1
4839	2
4840	0
4841	1
4842	2
4843	0
4844	1
4845	2
4846	0
4847	1
4848	2
4849	0
4850	1
4851	2
4852	0
4853	1
4854	2
4855	0
4856	1
4857	2
4858	0
4859	1
4860	2
4861	0
4862	1
4863	2
4864	0
4865	1
4866	2
4867	0
4868	1
4869	2
4870	0
4871	1
4872	2
4873	0
4874	1
4875	2
4876	0
4877	1
4878	2
4879	0
4880	1
4881	2
4882	0
4883	1
4884	2
4885	0
4886	1
4887	2
4888	0
4889	1
4890	2
4891	0
4892	1
4893	2
4894	0
4895	1
4896	2
4897	0
4898	1
4899	2
4900	0
4901	1
4902	2
4903	0
4904	1
4905	2
4906	0
4907	1
4908	2
4909	0
4910	1
4911	2
4912	0
4913	1
4914	2
4915	0
4916	1
4917	2
4918	0
4919	1
4920	2
4921	0
4922	1
4923	2
4924	0
4925	1
4926	2
4927	0
4928	1
4929	2
4930	0
4931	1
4932	2
4933	0
4934	1
4935	2
4936	0
4937	1
4938	2
4939	0
4940	1
4941	2
4942	0
4943	1
4944	2
4945	0
4946	1
4947	2
4948	0
4949	1
4950	2
4951	0
4952	1
4953	2
4954	0
4955	1
4956	2
4957	0
4958	1
4959	2
4960	0
4961	1
4962	2
4963	0
4964	1
4965	2
4966	0
4967	1
4968	2
4969	0
4970	1
4971	2
4972	0
4973	1
4974	2
4975	0
4976	1
4977	2
4978	0
4979	1
4980	2
4981	0
4982	1
4983	2
4984	0
4985	1
4986	2
4987	0
4988	1
4989	2
4990	0
4991	1
4992	2
4993	0
4994	1
4995	2
4996	0
4997	1
4998	2
4999	0
5000	1
5001	2
5002	0
5003	1
5004	2
5005	0
5006	1
5007	2
5008	0
5009	1
5010	2
5011	0
5012	1
5013	2
5014	0
5015	1
5016	2
5017	0
5018	1
5019	2
5020	0
5021	1
5022	2
5023	0
5024	1
5025	2
5026	0
5027	1
5028	2
5029	0
5030	1
5031	2
5032	0
5033	1
5034	2
5035	0
5036	1
5037	2
5038	0
5039	1
5040	2
5041	0
5042	1
5043	2
5044	0
5045	1
5046	2
5047	0
5048	1
5049	2
5050	0
5051	1
5052	2
5053	0
5054	1
5055	2
5056	0
5057	1
5058	2
5059	0
5060	1
5061	2
5062	0
5063	1
5064	2
5065	0
5066	1
5067	2
5068	0
5069	1
5070	2
5071	0
5072	1
5073	2
5074	0
5075	1
5076	2
5077	0
5078	1
5079	2
5080	0
5081	1
5082	2
5083	0
5084	1
5085	2
5086	0
5087	1
5088	2
5089	0
5090	1
5091	2
5092	0
5093	1
5094	2
5095	0
5096	1
5097	2
5098	0
5099	1
5100	2
5101	0
5102	1
5103	2
5104	0
5105	1
5106	2
5107	0
5108	1
5109	2
5110	0
5111	1
5112	2
5113	0
5114	1
5115	2
5116	0
5117	1
5118	2
5119	0
5120	1
5121	2
5122	0
5123	1
5124	2
5125	0
5126	1
5127	2
5128	0
5129	1
5130	2
5131	0
5132	1
5133	2
5134	0
5135	1
5136	2
5137	0
5138	1
5139	2
5140	0
5141	1
5142	2
5143	0
5144	1
5145	2
5146	0
5147	1
5148	2
5149	0
5150	1
5151	2
5152	0
5153	1
5154	2
5155	0
5156	1
5157	2
5158	0
5159	1
5160	2
5161	0
5162	1
5163	2
5164	0
5165	1
5166	2
5167	0
5168	1
5169	2
5170	0
5171	1
5172	2
5173	0
5174	1
5175	2
5176	0
5177	1
5178	2
5179	0
5180	1
5181	2
5182	0
5183	1
5184	2
5185	0
5186	1
5187	2
5188	0
5189	1
5190	2
5191	0
5192	1
5193	2
5194	0
5195	1
5196	2
5197	0
5198	1
5199	2
5200	0
5201	1
5202	2
5203	0
5204	1
5205	2
5206	0
5207	1
5208	2
5209	0
5210	1
5211	2
5212	0
5213	1
5214	2
5215	0
5216	1
5217	2
5218	0
5219	1
5220	2
5221	0
5222	1
5223	2
5224	0
5225	1
5226	2
5227	0
5228	1
5229	2
5230	0
5231	1
5232	2
5233	0
5234	1
5235	2
5236	0
5237	1
5238	2
5239	0
5240	1
5241	2
5242	0
5243	1
5244	2
5245	0
5246	1
5247	2
5248	0
5249	1
5250	2
5251	0
5252	1
5253	2
5254	0
5255	1
5256	2
5257	0
5258	1
5259	2
5260	0
5261	1
5262	2
5263	0
5264	1
5265	2
5266	0
5267	1
5268	2
5269	0
5270	1
5271	2
5272	0
5273	1
5274	2
5275	0
5276	1
5277	2
5278	0
5279	1
5280	2
5281	0
5282	1
5283	2
5284	0
5285	1
5286	2
5287	0
5288	1
5289	2
5290	0
5291	1
5292	2
5293	0
5294	1
5295	2
5296	0
5297	1
5298	2
5299	0
5300	1
5301	2
5302	0
5303	1
5304	2
5305	0
5306	1
5307	2
5308	0
5309	1
5310	2
5311	0
5312	1
5313	2
5314	0
5315	1
5316	2
5317	0
5318	1
5319	2
5320	0
5321	1
5322	2
5323	0
5324	1
5325	2
5326	0
5327	1
5328	2
5329	0
5330	1
5331	2
5332	0
5333	1
5334	2
5335	0
5336	1
5337	2
5338	0
5339	1
5340	2
5341	0
5342	1
5343	2
5344	0
5345	1
5346	2
5347	0
5348	1
5349	2
5350	0
5351	1
5352	2
5353	0
5354	1
5355	2
5356	0
5357	1
5358	2
5359	0
5360	1
5361	2
5362	0
5363	1
5364	2
5365	0
5366	1
5367	2
5368	0
5369	1
5370	2
5371	0
5372	1
5373	2
5374	0
5375	1
5376	2
5377	0
5378	1
5379	2
5380	0
5381	1
5382	2
5383	0
5384	1
5385	2
5386	0
5387	1
5388	2
5389	0
5390	1
5391	2
5392	0
5393	1
5394	2
5395	0
5396	1
5397	2
5398	0
5399	1
5400	2
5401	0
5402	1
5403	2
5404	0
5405	1
5406	2
5407	0
5408	1
5409	2
5410	0
5411	1
5412	2
5413	0
5414	1
5415	2
5416	0
5417	1
5418	2
5419	0
5420	1
5421	2
5422	0
5423	1
5424	2
5425	0
5426	1
5427	2
5428	0
5429	1
5430	2
5431	0
5432	1
5433	2
5434	0
5435	1
5436	2
5437	0
5438	1
5439	2
5440	0
5441	1
5442	2
5443	0
5444	1
5445	2
5446	0
5447	1
5448	2
5449	0
5450	1
5451	2
5452	0
5453	1
5454	2
5455	0
5456	1
5457	2
5458	0
5459	1
5460	2
5461	0
5462	1
5463	2
5464	0
5465	1
5466	2
5467	0
5468	1
5469	2
5470	0
5471	1
5472	2
5473	0
5474	1
5475	2
5476	0
5477	1
5478	2
5479	0
5480	1
5481	2
5482	0
5483	1
5484	2
5485	0
5486	1
5487	2
5488	0
5489	1
5490	2
5491	0
5492	1
5493	2
5494	0
5495	1
5496	2
5497	0
5498	1
5499	2
5500	0
5501	1
5502	2
5503	0
5504	1
5505	2
5506	0
5507	1
5508	2
5509	0
5510	1
5511	2
5512	0
5513	1
5514	2
5515	0
5516	1
5517	2
5518	0
5519	1
5520	2
5521	0
5522	1
5523	2
5524	0
5525	1
5526	2
5527	0
5528	1
5529	2
5530	0
5531	1
5532	2
5533	0
5534	1
5535	2
5536	0
5537	1
5538	2
5539	0
5540	1
5541	2
5542	0
5543	1
5544	2
5545	0
5546	1
5547	2
5548	0
5549	1
5550	2
5551	0
5552	1
5553	2
5554	0
5555	1
5556	2
5557	0
5558	1
5559	2
5560	0
5561	1
5562	2
5563	0
5564	1
5565	2
5566	0
5567	1
5568	2
5569	0
5570	1
5571	2
5572	0
5573	1
5574	2
5575	0
5576	1
5577	2
5578	0
5579	1
5580	2
5581	0
5582	1
5583	2
5584	0
5585	1
5586	2
5587	0
5588	1
5589	2
5590	0
5591	1
5592	2
5593	0
5594	1
5595	2
5596	0
5597	1
5598	2
5599	0
5600	1
5601	2
5602	0
5603	1
5604	2
5605	0
5606	1
5607	2
5608	0
5609	1
5610	2
5611	0
5612	1
5613	2
5614	0
5615	1
5616	2
5617	0
5618	1
5619	2
5620	0
5621	1
5622	2
5623	0
5624	1
5625	2
5626	0
5627	1
5628	2
5629	0
5630	1
5631	2
5632	0
5633	1
5634	2
5635	0
5636	1
5637	2
5638	0
5639	1
5640	2
5641	0
5642	1
5643	2
5644	0
5645	1
5646	2
5647	0
5648	1
5649	2
5650	0
5651	1
5652	2
5653	0
5654	1
5655	2
5656	0
5657	1
5658	2
5659	0
5660	1
5661	2
5662	0
5663	1
5664	2
5665	0
5666	1
5667	2
5668	0
5669	1
5670	2
5671	0
5672	1
5673	2
5674	0
5675	1
5676	2
5677	0
5678	1
5679	2
5680	0
5681	1
5682	2
5683	0
5684	1
5685	2
5686	0
5687	1
5688	2
5689	0
5690	1
5691	2
5692	0
5693	1
5694	2
5695	0
5696	1
5697	2
5698	0
5699	1
5700	2
5701	0
5702	1
5703	2
5704	0
5705	1
5706	2
5707	0
5708	1
5709	2
5710	0
5711	1
5712	2
5713	0
5714	1
5715	2
5716	0
5717	1
5718	2
5719	0
5720	1
5721	2
5722	0
5723	1
5724	2
5725	0
5726	1
5727	2
5728	0
5729	1
5730	2
5731	0
5732	1
5733	2
5734	0
5735	1
5736	2
5737	0
5738	1
5739	2
5740	0
5741	1
5742	2
5743	0
5744	1
5745	2
5746	0
5747	1
5748	2
5749	0
5750	1
5751	2
5752	0
5753	1
5754	2
5755	0
5756	1
5757	2
5758	0
5759	1
5760	2
5761	0
5762	1
5763	2
5764	0
5765	1
5766	2
5767	0
5768	1
5769	2
5770	0
5771	1
5772	2
5773	0
5774	1
5775	2
5776	0
5777	1
5778	2
5779	0
5780	1
5781	2
5782	0
5783	1
5784	2
5785	0
5786	1
5787	2
5788	0
5789	1
5790	2
5791	0
5792	1
5793	2
5794	0
5795	1
5796	2
5797	0
5798	1
5799	2
5800	0
5801	1
5802	2
5803	0
5804	1
5805	2
5806	0
5807	1
5808	2
5809	0
5810	1
5811	2
5812	0
5813	1
5814	2
5815	0
5816	1
5817	2
5818	0
5819	1
5820	2
5821	0
5822	1
5823	2
5824	0
5825	1
5826	2
5827	0
5828	1
5829	2
5830	0
5831	1
5832	2
5833	0
5834	1
5835	2
5836	0
5837	1
5838	2
5839	0
5840	1
5841	2
5842	0
5843	1
5844	2
5845	0
5846	1
5847	2
5848	0
5849	1
5850	2
5851	0
5852	1
5853	2
5854	0
5855	1
5856	2
5857	0
5858	1
5859	2
5860	0
5861	1
5862	2
5863	0
5864	1
5865	2
5866	0
5867	1
5868	2
5869	0
5870	1
5871	2
5872	0
5873	1
5874	2
5875	0
5876	1
5877	2
5878	0
5879	1
5880	2
5881	0
5882	1
5883	2
5884	0
5885	1
5886	2
5887	0
5888	1
5889	2
5890	0
5891	1
5892	2
5893	0
5894	1
5895	2
5896	0
5897	1
5898	2
5899	0
5900	1
5901	2
5902	0
5903	1
5904	2
5905	0
5906	1
5907	2
5908	0
5909	1
5910	2
5911	0
5912	1
5913	2
5914	0
5915	1
5916	2
5917	0
5918	1
5919	2
5920	0
5921	1
5922	2
5923	0
5924	1
5925	2
5926	0
5927	1
5928	2
5929	0
5930	1
5931	2
5932	0
5933	1
5934	2
5935	0
5936	1
5937	2
5938	0
5939	1
5940	2
5941	0
5942	1
5943	2
5944	0
5945	1
5946	2
5947	0
5948	1
5949	2
5950	0
5951	1
5952	2
5953	0
5954	1
5955	2
5956	0
5957	1
5958	2
5959	0
5960	1
5961	2
5962	0
5963	1
5964	2
5965	0
5966	1
5967	2
5968	0
5969	1
5970	2
5971	0
5972	1
5973	2
5974	0
5975	1
5976	2
5977	0
5978	1
5979	2
5980	0
5981	1
5982	2
5983	0
5984	1
5985	2
5986	0
5987	1
5988	2
5989	0
5990	1
5991	2
5992	0
5993	1
5994	2
5995	0
5996	1
5997	2
5998	0
5999	1
6000	2
6001	0
6002	1
6003	2
6004	0
6005	1
6006	2
6007	0
6008	1
6009	2
6010	0
6011	1
6012	2
6013	0
6014	1
6015	2
6016	0
6017	1
6018	2
6019	0
6020	1
6021	2
6022	0
6023	1
6024	2
6025	0
6026	1
6027	2
6028	0
6029	1
6030	2
6031	0
6032	1
6033	2
6034	0
6035	1
6036	2
6037	0
6038	1
6039	2
6040	0
6041	1
6042	2
6043	0
6044	1
6045	2
6046	0
6047	1
6048	2
6049	0
6050	1
6051	2
6052	0
6053	1
6054	2
6055	0
6056	1
6057	2
6058	0
6059	1
6060	2
6061	0
6062	1
6063	2
6064	0
6065	1
6066	2
6067	0
6068	1
6069	2
6070	0
6071	1
6072	2
6073	0
6074	1
6075	2
6076	0
6077	1
6078	2
6079	0
6080	1
6081	2
6082	0
6083	1
6084	2
6085	0
6086	1
6087	2
6088	0
6089	1
6090	2
6091	0
6092	1
6093	2
6094	0
6095	1
6096	2
6097	0
6098	1
6099	2
6100	0
6101	1
6102	2
6103	0
6104	1
6105	2
6106	0
6107	1
6108	2
6109	0
6110	1
6111	2
6112	0
6113	1
6114	2
6115	0
6116	1
6117	2
6118	0
6119	1
6120	2
6121	0
6122	1
6123	2
6124	0
6125	1
6126	2
6127	0
6128	1
6129	2
6130	0
6131	1
6132	2
6133	0
6134	1
6135	2
6136	0
6137	1
6138	2
6139	0
6140	1
6141	2
6142	0
6143	1
6144	2
6145	0
6146	1
6147	2
6148	0
6149	1
6150	2
6151	0
6152	1
6153	2
6154	0
6155	1
6156	2
6157	0
6158	1
6159	2
6160	0
6161	1
6162	2
6163	0
6164	1
6165	2
6166	0
6167	1
6168	2
6169	0
6170	1
6171	2
6172	0
6173	1
6174	2
6175	0
6176	1
6177	2
6178	0
6179	1
6180	2
6181	0
6182	1
6183	2
6184	0
6185	1
6186	2
6187	0
6188	1
6189	2
6190	0
6191	1
6192	2
6193	0
6194	1
6195	2
6196	0
6197	1
6198	2
6199	0
6200	1
6201	2
6202	0
6203	1
6204	2
6205	0
6206	1
6207	2
6208	0
6209	1
6210	2
6211	0
6212	1
6213	2
6214	0
6215	1
6216	2
6217	0
6218	1
6219	2
6220	0
6221	1
6222	2
6223	0
6224	1
6225	2
6226	0
6227	1
6228	2
6229	0
6230	1
6231	2
6232	0
6233	1
6234	2
6235	0
6236	1
6237	2
6238	0
6239	1
6240	2
6241	0
6242	1
6243	2
6244	0
6245	1
6246	2
6247	0
6248	1
6249	2
6250	0
6251	1
6252	2
6253	0
6254	1
6255	2
6256	0
6257	1
6258	2
6259	0
6260	1
6261	2
6262	0
6263	1
6264	2
6265	0
6266	1
6267	2
6268	0
6269	1
6270	2
6271	0
6272	1
6273	2
6274	0
6275	1
6276	2
6277	0
6278	1
6279	2
6280	0
6281	1
6282	2
6283	0
6284	1
6285	2
6286	0
6287	1
6288	2
6289	0
6290	1
6291	2
6292	0
6293	1
6294	2
6295	0
6296	1
6297	2
6298	0
6299	1
6300	2
6301	0
6302	1
6303	2
6304	0
6305	1
6306	2
6307	0
6308	1
6309	2
6310	0
6311	1
6312	2
6313	0
6314	1
6315	2
6316	0
6317	1
6318	2
6319	0
6320	1
6321	2
6322	0
6323	1
6324	2
6325	0
6326	1
6327	2
6328	0
6329	1
6330	2
6331	0
6332	1
6333	2
6334	0
6335	1
6336	2
6337	0
6338	1
6339	2
6340	0
6341	1
6342	2
6343	0
6344	1
6345	2
6346	0
6347	1
6348	2
6349	0
6350	1
6351	2
6352	0
6353	1
6354	2
6355	0
6356	1
6357	2
6358	0
6359	1
6360	2
6361	0
6362	1
6363	2
6364	0
6365	1
6366	2
6367	0
6368	1
6369	2
6370	0
6371	1
6372	2
6373	0
6374	1
6375	2
6376	0
6377	1
6378	2
6379	0
6380	1
6381	2
6382	0
6383	1
6384	2
6385	0
6386	1
6387	2
6388	0
6389	1
6390	2
6391	0
6392	1
6393	2
6394	0
6395	1
6396	2
6397	0
6398	1
6399	2
6400	0
6401	1
6402	2
6403	0
6404	1
6405	2
6406	0
6407	1
6408	2
6409	0
6410	1
6411	2
6412	0
6413	1
6414	2
6415	0
6416	1
6417	2
6418	0
6419	1
6420	2
6421	0
6422	1
6423	2
6424	0
6425	1
6426	2
6427	0
6428	1
6429	2
6430	0
6431	1
6432	2
6433	0
6434	1
6435	2
6436	0
6437	1
6438	2
6439	0
6440	1
6441	2
6442	0
6443	1
6444	2
6445	0
6446	1
6447	2
6448	0
6449	1
6450	2
6451	0
6452	1
6453	2
6454	0
6455	1
6456	2
6457	0
6458	1
6459	2
6460	0
6461	1
6462	2
6463	0
6464	1
6465	2
6466	0
6467	1
6468	2
6469	0
6470	1
6471	2
6472	0
6473	1
6474	2
6475	0
6476	1
6477	2
6478	0
6479	1
6480	2
6481	0
6482	1
6483	2
6484	0
6485	1
6486	2
6487	0
6488	1
6489	2
6490	0
6491	1
6492	2
6493	0
6494	1
6495	2
6496	0
6497	1
6498	2
6499	0
6500	1
6501	2
6502	0
6503	1
6504	2
6505	0
6506	1
6507	2
6508	0
6509	1
6510	2
6511	0
6512	1
6513	2
6514	0
6515	1
6516	2
6517	0
6518	1
6519	2
6520	0
6521	1
6522	2
6523	0
6524	1
6525	2
6526	0
6527	1
6528	2
6529	0
6530	1
6531	2
6532	0
6533	1
6534	2
6535	0
6536	1
6537	2
6538	0
6539	1
6540	2
6541	0
6542	1
6543	2
6544	0
6545	1
6546	2
6547	0
6548	1
6549	2
6550	0
6551	1
6552	2
6553	0
6554	1
6555	2
6556	0
6557	1
6558	2
6559	0
6560	1
6561	2
6562	0
6563	1
6564	2
6565	0
6566	1
6567	2
6568	0
6569	1
6570	2
6571	0
6572	1
6573	2
6574	0
6575	1
6576	2
6577	0
6578	1
6579	2
6580	0
6581	1
6582	2
6583	0
6584	1
6585	2
6586	0
6587	1
6588	2
6589	0
6590	1
6591	2
6592	0
6593	1
6594	2
6595	0
6596	1
6597	2
6598	0
6599	1
6600	2
6601	0
6602	1
6603	2
6604	0
6605	1
6606	2
6607	0
6608	1
6609	2
6610	0
6611	1
6612	2
6613	0
6614	1
6615	2
6616	0
6617	1
6618	2
6619	0
6620	1
6621	2
6622	0
6623	1
6624	2
6625	0
6626	1
6627	2
6628	0
6629	1
6630	2
6631	0
6632	1
6633	2
6634	0
6635	1
6636	2
6637	0
6638	1
6639	2
6640	0
6641	1
6642	2
6643	0
6644	1
6645	2
6646	0
6647	1
6648	2
6649	0
6650	1
6651	2
6652	0
6653	1
6654	2
6655	0
6656	1
6657	2
6658	0
6659	1
6660	2
6661	0
6662	1
6663	2
6664	0
6665	1
6666	2
6667	0
6668	1
6669	2
6670	0
6671	1
6672	2
6673	0
6674	1
6675	2
6676	0
6677	1
6678	2
6679	0
6680	1
6681	2
6682	0
6683	1
6684	2
6685	0
6686	1
6687	2
6688	0
6689	1
6690	2
6691	0
6692	1
6693	2
6694	0
6695	1
6696	2
6697	0
6698	1
6699	2
6700	0
6701	1
6702	2
6703	0
6704	1
6705	2
6706	0
6707	1
6708	2
6709	0
6710	1
6711	2
6712	0
6713	1
6714	2
6715	0
6716	1
6717	2
6718	0
6719	1
6720	2
6721	0
6722	1
6723	2
6724	0
6725	1
6726	2
6727	0
6728	1
6729	2
6730	0
6731	1
6732	2
6733	0
6734	1
6735	2
6736	0
6737	1
6738	2
6739	0
6740	1
6741	2
6742	0
6743	1
6744	2
6745	0
6746	1
6747	2
6748	0
6749	1
6750	2
6751	0
6752	1
6753	2
6754	0
6755	1
6756	2
6757	0
6758	1
6759	2
6760	0
6761	1
6762	2
6763	0
6764	1
6765	2
6766	0
6767	1
6768	2
6769	0
6770	1
6771	2
6772	0
6773	1
6774	2
6775	0
6776	1
6777	2
6778	0
6779	1
6780	2
6781	0
6782	1
6783	2
6784	0
6785	1
6786	2
6787	0
6788	1
6789	2
6790	0
6791	1
6792	2
6793	0
6794	1
6795	2
6796	0
6797	1
6798	2
6799	0
6800	1
6801	2
6802	0
6803	1
6804	2
6805	0
6806	1
6807	2
6808	0
6809	1
6810	2
6811	0
6812	1
6813	2
6814	0
6815	1
6816	2
6817	0
6818	1
6819	2
6820	0
6821	1
6822	2
6823	0
6824	1
6825	2
6826	0
6827	1
6828	2
6829	0
6830	1
6831	2
6832	0
6833	1
6834	2
6835	0
6836	1
6837	2
6838	0
6839	1
6840	2
6841	0
6842	1
6843	2
6844	0
6845	1
6846	2
6847	0
6848	1
6849	2
6850	0
6851	1
6852	2
6853	0
6854	1
6855	2
6856	0
6857	1
6858	2
6859	0
6860	1
6861	2
6862	0
6863	1
6864	2
6865	0
6866	1
6867	2
6868	0
6869	1
6870	2
6871	0
6872	1
6873	2
6874	0
6875	1
6876	2
6877	0
6878	1
6879	2
6880	0
6881	1
6882	2
6883	0
6884	1
6885	2
6886	0
6887	1
6888	2
6889	0
6890	1
6891	2
6892	0
6893	1
6894	2
6895	0
6896	1
6897	2
6898	0
6899	1
6900	2
6901	0
6902	1
6903	2
6904	0
6905	1
6906	2
6907	0
6908	1
6909	2
6910	0
6911	1
6912	2
6913	0
6914	1
6915	2
6916	0
6917	1
6918	2
6919	0
6920	1
6921	2
6922	0
6923	1
6924	2
6925	0
6926	1
6927	2
6928	0
6929	1
6930	2
6931	0
6932	1
6933	2
6934	0
6935	1
6936	2
6937	0
6938	1
6939	2
6940	0
6941	1
6942	2
6943	0
6944	1
6945	2
6946	0
6947	1
6948	2
6949	0
6950	1
6951	2
6952	0
6953	1
6954	2
6955	0
6956	1
6957	2
6958	0
6959	1
6960	2
6961	0
6962	1
6963	2
6964	0
6965	1
6966	2
6967	0
6968	1
6969	2
6970	0
6971	1
6972	2
6973	0
6974	1
6975	2
6976	0
6977	1
6978	2
6979	0
6980	1
6981	2
6982	0
6983	1
6984	2
6985	0
6986	1
6987	2
6988	0
6989	1
6990	2
6991	0
6992	1
6993	2
6994	0
6995	1
6996	2
6997	0
6998	1
6999	2
7000	0
7001	1
7002	2
7003	0
7004	1
7005	2
7006	0
7007	1
7008	2
7009	0
7010	1
7011	2
7012	0
7013	1
7014	2
7015	0
7016	1
7017	2
7018	0
7019	1
7020	2
7021	0
7022	1
7023	2
7024	0
7025	1
7026	2
7027	0
7028	1
7029	2
7030	0
7031	1
7032	2
7033	0
7034	1
7035	2
7036	0
7037	1
7038	2
7039	0
7040	1
7041	2
7042	0
7043	1
7044	2
7045	0
7046	1
7047	2
7048	0
7049	1
7050	2
7051	0
7052	1
7053	2
7054	0
7055	1
7056	2
7057	0
7058	1
7059	2
7060	0
7061	1
7062	2
7063	0
7064	1
7065	2
7066	0
7067	1
7068	2
7069	0
7070	1
7071	2
7072	0
7073	1
7074	2
7075	0
7076	1
7077	2
7078	0
7079	1
7080	2
7081	0
7082	1
7083	2
7084	0
7085	1
7086	2
7087	0
7088	1
7089	2
7090	0
7091	1
7092	2
7093	0
7094	1
7095	2
7096	0
7097	1
7098	2
7099	0
7100	1
7101	2
7102	0
7103	1
7104	2
7105	0
7106	1
7107	2
7108	0
7109	1
7110	2
7111	0
7112	1
7113	2
7114	0
7115	1
7116	2
7117	0
7118	1
7119	2
7120	0
7121	1
7122	2
7123	0
7124	1
7125	2
7126	0
7127	1
7128	2
7129	0
7130	1
7131	2
7132	0
7133	1
7134	2
7135	0
7136	1
7137	2
7138	0
7139	1
7140	2
7141	0
7142	1
7143	2
7144	0
7145	1
7146	2
7147	0
7148	1
7149	2
7150	0
7151	1
7152	2
7153	0
7154	1
7155	2
7156	0
7157	1
7158	2
7159	0
7160	1
7161	2
7162	0
7163	1
7164	2
7165	0
7166	1
7167	2
7168	0
7169	1
7170	2
7171	0
7172	1
7173	2
7174	0
7175	1
7176	2
7177	0
7178	1
7179	2
7180	0
7181	1
7182	2
7183	0
7184	1
7185	2
7186	0
7187	1
7188	2
7189	0
7190	1
7191	2
7192	0
7193	1
7194	2
7195	0
7196	1
7197	2
7198	0
7199	1
7200	2
7201	0
7202	1
7203	2
7204	0
7205	1
7206	2
7207	0
7208	1
7209	2
7210	0
7211	1
7212	2
7213	0
7214	1
7215	2
7216	0
7217	1
7218	2
7219	0
7220	1
7221	2
7222	0
7223	1
7224	2
7225	0
7226	1
7227	2
7228	0
7229	1
7230	2
7231	0
7232	1
7233	2
7234	0
7235	1
7236	2
7237	0
7238	1
7239	2
7240	0
7241	1
7242	2
7243	0
7244	1
7245	2
7246	0
7247	1
7248	2
7249	0
7250	1
7251	2
7252	0
7253	1
7254	2
7255	0
7256	1
7257	2
7258	0
7259	1
7260	2
7261	0
7262	1
7263	2
7264	0
7265	1
7266	2
7267	0
7268	1
7269	2
7270	0
7271	1
7272	2
7273	0
7274	1
7275	2
7276	0
7277	1
7278	2
7279	0
7280	1
7281	2
7282	0
7283	1
7284	2
7285	0
7286	1
7287	2
7288	0
7289	1
7290	2
7291	0
7292	1
7293	2
7294	0
7295	1
7296	2
7297	0
7298	1
7299	2
7300	0
7301	1
7302	2
7303	0
7304	1
7305	2
7306	0
7307	1
7308	2
7309	0
7310	1
7311	2
7312	0
7313	1
7314	2
7315	0
7316	1
7317	2
7318	0
7319	1
7320	2
7321	0
7322	1
7323	2
7324	0
7325	1
7326	2
7327	0
7328	1
7329	2
7330	0
7331	1
7332	2
7333	0
7334	1
7335	2
7336	0
7337	1
7338	2
7339	0
7340	1
7341	2
7342	0
7343	1
7344	2
7345	0
7346	1
7347	2
7348	0
7349	1
7350	2
7351	0
7352	1
7353	2
7354	0
7355	1
7356	2
7357	0
7358	1
7359	2
7360	0
7361	1
7362	2
7363	0
7364	1
7365	2
7366	0
7367	1
7368	2
7369	0
7370	1
7371	2
7372	0
7373	1
7374	2
7375	0
7376	1
7377	2
7378	0
7379	1
7380	2
7381	0
7382	1
7383	2
7384	0
7385	1
7386	2
7387	0
7388	1
7389	2
7390	0
7391	1
7392	2
7393	0
7394	1
7395	2
7396	0
7397	1
7398	2
7399	0
7400	1
7401	2
7402	0
7403	1
7404	2
7405	0
7406	1
7407	2
7408	0
7409	1
7410	2
7411	0
7412	1
7413	2
7414	0
7415	1
7416	2
7417	0
7418	1
7419	2
7420	0
7421	1
7422	2
7423	0
7424	1
7425	2
7426	0
7427	1
7428	2
7429	0
7430	1
7431	2
7432	0
7433	1
7434	2
7435	0
7436	1
7437	2
7438	0
7439	1
7440	2
7441	0
7442	1
7443	2
7444	0
7445	1
7446	2
7447	0
7448	1
7449	2
7450	0
7451	1
7452	2
7453	0
7454	1
7455	2
7456	0
7457	1
7458	2
7459	0
7460	1
7461	2
7462	0
7463	1
7464	2
7465	0
7466	1
7467	2
7468	0
7469	1
7470	2
7471	0
7472	1
7473	2
7474	0
7475	1
7476	2
7477	0
7478	1
7479	2
7480	0
7481	1
7482	2
7483	0
7484	1
7485	2
7486	0
7487	1
7488	2
7489	0
7490	1
7491	2
7492	0
7493	1
7494	2
7495	0
7496	1
7497	2
7498	0
7499	1
7500	2
7501	0
7502	1
7503	2
7504	0
7505	1
7506	2
7507	0
7508	1
7509	2
7510	0
7511	1
7512	2
7513	0
7514	1
7515	2
7516	0
7517	1
7518	2
7519	0
7520	1
7521	2
7522	0
7523	1
7524	2
7525	0
7526	1
7527	2
7528	0
7529	1
7530	2
7531	0
7532	1
7533	2
7534	0
7535	1
7536	2
7537	0
7538	1
7539	2
7540	0
7541	1
7542	2
7543	0
7544	1
7545	2
7546	0
7547	1
7548	2
7549	0
7550	1
7551	2
7552	0
7553	1
7554	2
7555	0
7556	1
7557	2
7558	0
7559	1
7560	2
7561	0
7562	1
7563	2
7564	0
7565	1
7566	2
7567	0
7568	1
7569	2
7570	0
7571	1
7572	2
7573	0
7574	1
7575	2
7576	0
7577	1
7578	2
7579	0
7580	1
7581	2
7582	0
7583	1
7584	2
7585	0
7586	1
7587	2
7588	0
7589	1
7590	2
7591	0
7592	1
7593	2
7594	0
7595	1
7596	2
7597	0
7598	1
7599	2
7600	0
7601	1
7602	2
7603	0
7604	1
7605	2
7606	0
7607	1
7608	2
7609	0
7610	1
7611	2
7612	0
7613	1
7614	2
7615	0
7616	1
7617	2
7618	0
7619	1
7620	2
7621	0
7622	1
7623	2
7624	0
7625	1
7626	2
7627	0
7628	1
7629	2
7630	0
7631	1
7632	2
7633	0
7634	1
7635	2
7636	0
7637	1
7638	2
7639	0
7640	1
7641	2
7642	0
7643	1
7644	2
7645	0
7646	1
7647	2
7648	0
7649	1
7650	2
7651	0
7652	1
7653	2
7654	0
7655	1
7656	2
7657	0
7658	1
7659	2
7660	0
7661	1
7662	2
7663	0
7664	1
7665	2
7666	0
7667	1
7668	2
7669	0
7670	1
7671	2
7672	0
7673	1
7674	2
7675	0
7676	1
7677	2
7678	0
7679	1
7680	2
7681	0
7682	1
7683	2
7684	0
7685	1
7686	2
7687	0
7688	1
7689	2
7690	0
7691	1
7692	2
7693	0
7694	1
7695	2
7696	0
7697	1
7698	2
7699	0
7700	1
7701	2
7702	0
7703	1
7704	2
7705	0
7706	1
7707	2
7708	0
7709	1
7710	2
7711	0
7712	1
7713	2
7714	0
7715	1
7716	2
7717	0
7718	1
7719	2
7720	0
7721	1
7722	2
7723	0
7724	1
7725	2
7726	0
7727	1
7728	2
7729	0
7730	1
7731	2
7732	0
7733	1
7734	2
7735	0
7736	1
7737	2
7738	0
7739	1
7740	2
7741	0
7742	1
7743	2
7744	0
7745	1
7746	2
7747	0
7748	1
7749	2
7750	0
7751	1
7752	2
7753	0
7754	1
7755	2
7756	0
7757	1
7758	2
7759	0
7760	1
7761	2
7762	0
7763	1
7764	2
7765	0
7766	1
7767	2
7768	0
7769	1
7770	2
7771	0
7772	1
7773	2
7774	0
7775	1
7776	2
7777	0
7778	1
7779	2
7780	0
7781	1
7782	2
7783	0
7784	1
7785	2
7786	0
7787	1
7788	2
7789	0
7790	1
7791	2
7792	0
7793	1
7794	2
7795	0
7796	1
7797	2
7798	0
7799	1
7800	2
7801	0
7802	1
7803	2
7804	0
7805	1
7806	2
7807	0
7808	1
7809	2
7810	0
7811	1
7812	2
7813	0
7814	1
7815	2
7816	0
7817	1
7818	2
7819	0
7820	1
7821	2
7822	0
7823	1
7824	2
7825	0
7826	1
7827	2
7828	0
7829	1
7830	2
7831	0
7832	1
7833	2
7834	0
7835	1
7836	2
7837	0
7838	1
7839	2
7840	0
7841	1
7842	2
7843	0
7844	1
7845	2
7846	0
7847	1
7848	2
7849	0
7850	1
7851	2
7852	0
7853	1
7854	2
7855	0
7856	1
7857	2
7858	0
7859	1
7860	2
7861	0
7862	1
7863	2
7864	0
7865	1
7866	2
7867	0
7868	1
7869	2
7870	0
7871	1
7872	2
7873	0
7874	1
7875	2
7876	0
7877	1
7878	2
7879	0
7880	1
7881	2
7882	0
7883	1
7884	2
7885	0
7886	1
7887	2
7888	0
7889	1
7890	2
7891	0
7892	1
7893	2
7894	0
7895	1
7896	2
7897	0
7898	1
7899	2
7900	0
7901	1
7902	2
7903	0
7904	1
7905	2
7906	0
7907	1
7908	2
7909	0
7910	1
7911	2
7912	0
7913	1
7914	2
7915	0
7916	1
7917	2
7918	0
7919	1
7920	2
7921	0
7922	1
7923	2
7924	0
7925	1
7926	2
7927	0
7928	1
7929	2
7930	0
7931	1
7932	2
7933	0
7934	1
7935	2
7936	0
7937	1
7938	2
7939	0
7940	1
7941	2
7942	0
7943	1
7944	2
7945	0
7946	1
7947	2
7948	0
7949	1
7950	2
7951	0
7952	1
7953	2
7954	0
7955	1
7956	2
7957	0
7958	1
7959	2
7960	0
7961	1
7962	2
7963	0
7964	1
7965	2
7966	0
7967	1
7968	2
7969	0
7970	1
7971	2
7972	0
7973	1
7974	2
7975	0
7976	1
7977	2
7978	0
7979	1
7980	2
7981	0
7982	1
7983	2
7984	0
7985	1
7986	2
7987	0
7988	1
7989	2
7990	0
7991	1
7992	2
7993	0
7994	1
7995	2
7996	0
7997	1
7998	2
7999	0
8000	1
8001	2
8002	0
8003	1
8004	2
8005	0
8006	1
8007	2
8008	0
8009	1
8010	2
8011	0
8012	1
8013	2
8014	0
8015	1
8016	2
8017	0
8018	1
8019	2
8020	0
8021	1
8022	2
8023	0
8024	1
8025	2
8026	0
8027	1
8028	2
8029	0
8030	1
8031	2
8032	0
8033	1
8034	2
8035	0
8036	1
8037	2
8038	0
8039	1
8040	2
8041	0
8042	1
8043	2
8044	0
8045	1
8046	2
8047	0
8048	1
8049	2
8050	0
8051	1
8052	2
8053	0
8054	1
8055	2
8056	0
8057	1
8058	2
8059	0
8060	1
8061	2
8062	0
8063	1
8064	2
8065	0
8066	1
8067	2
8068	0
8069	1
8070	2
8071	0
8072	1
8073	2
8074	0
8075	1
8076	2
8077	0
8078	1
8079	2
8080	0
8081	1
8082	2
8083	0
8084	1
8085	2
8086	0
8087	1
8088	2
8089	0
8090	1
8091	2
8092	0
8093	1
8094	2
8095	0
8096	1
8097	2
8098	0
8099	1
8100	2
8101	0
8102	1
8103	2
8104	0
8105	1
8106	2
8107	0
8108	1
8109	2
8110	0
8111	1
8112	2
8113	0
8114	1
8115	2
8116	0
8117	1
8118	2
8119	0
8120	1
8121	2
8122	0
8123	1
8124	2
8125	0
8126	1
8127	2
8128	0
8129	1
8130	2
8131	0
8132	1
8133	2
8134	0
8135	1
8136	2
8137	0
8138	1
8139	2
8140	0
8141	1
8142	2
8143	0
8144	1
8145	2
8146	0
8147	1
8148	2
8149	0
8150	1
8151	2
8152	0
8153	1
8154	2
8155	0
8156	1
8157	2
8158	0
8159	1
8160	2
8161	0
8162	1
8163	2
8164	0
8165	1
8166	2
8167	0
8168	1
8169	2
8170	0
8171	1
8172	2
8173	0
8174	1
8175	2
8176	0
8177	1
8178	2
8179	0
8180	1
8181	2
8182	0
8183	1
8184	2
8185	0
8186	1
8187	2
8188	0
8189	1
8190	2
8191	0
8192	1
8193	2
8194	0
8195	1
8196	2
8197	0
8198	1
8199	2
8200	0
8201	1
8202	2
8203	0
8204	1
8205	2
8206	0
8207	1
8208	2
8209	0
8210	1
8211	2
8212	0
8213	1
8214	2
8215	0
8216	1
8217	2
8218	0
8219	1
8220	2
8221	0
8222	1
8223	2
8224	0
8225	1
8226	2
8227	0
8228	1
8229	2
8230	0
8231	1
8232	2
8233	0
8234	1
8235	2
8236	0
8237	1
8238	2
8239	0
8240	1
8241	2
8242	0
8243	1
8244	2
8245	0
8246	1
8247	2
8248	0
8249	1
8250	2
8251	0
8252	1
8253	2
8254	0
8255	1
8256	2
8257	0
8258	1
8259	2
8260	0
8261	1
8262	2
8263	0
8264	1
8265	2
8266	0
8267	1
8268	2
8269	0
8270	1
8271	2
8272	0
8273	1
8274	2
8275	0
8276	1
8277	2
8278	0
8279	1
8280	2
8281	0
8282	1
8283	2
8284	0
8285	1
8286	2
8287	0
8288	1
8289	2
8290	0
8291	1
8292	2
8293	0
8294	1
8295	2
8296	0
8297	1
8298	2
8299	0
8300	1
8301	2
8302	0
8303	1
8304	2
8305	0
8306	1
8307	2
8308	0
8309	1
8310	2
8311	0
8312	1
8313	2
8314	0
8315	1
8316	2
8317	0
8318	1
8319	2
8320	0
8321	1
8322	2
8323	0
8324	1
8325	2
8326	0
8327	1
8328	2
8329	0
8330	1
8331	2
8332	0
8333	1
8334	2
8335	0
8336	1
8337	2
8338	0
8339	1
8340	2
8341	0
8342	1
8343	2
8344	0
8345	1
8346	2
8347	0
8348	1
8349	2
8350	0
8351	1
8352	2
8353	0
8354	1
8355	2
8356	0
8357	1
8358	2
8359	0
8360	1
8361	2
8362	0
8363	1
8364	2
8365	0
8366	1
8367	2
8368	0
8369	1
8370	2
8371	0
8372	1
8373	2
8374	0
8375	1
8376	2
8377	0
8378	1
8379	2
8380	0
8381	1
8382	2
8383	0
8384	1
8385	2
8386	0
8387	1
8388	2
8389	0
8390	1
8391	2
8392	0
8393	1
8394	2
8395	0
8396	1
8397	2
8398	0
8399	1
8400	2
8401	0
8402	1
8403	2
8404	0
8405	1
8406	2
8407	0
8408	1
8409	2
8410	0
8411	1
8412	2
8413	0
8414	1
8415	2
8416	0
8417	1
8418	2
8419	0
8420	1
8421	2
8422	0
8423	1
8424	2
8425	0
8426	1
8427	2
8428	0
8429	1
8430	2
8431	0
8432	1
8433	2
8434	0
8435	1
8436	2
8437	0
8438	1
8439	2
8440	0
8441	1
8442	2
8443	0
8444	1
8445	2
8446	0
8447	1
8448	2
8449	0
8450	1
8451	2
8452	0
8453	1
8454	2
8455	0
8456	1
8457	2
8458	0
8459	1
8460	2
8461	0
8462	1
8463	2
8464	0
8465	1
8466	2
8467	0
8468	1
8469	2
8470	0
8471	1
8472	2
8473	0
8474	1
8475	2
8476	0
8477	1
8478	2
8479	0
8480	1
8481	2
8482	0
8483	1
8484	2
8485	0
8486	1
8487	2
8488	0
8489	1
8490	2
8491	0
8492	1
8493	2
8494	0
8495	1
8496	2
8497	0
8498	1
8499	2
8500	0
8501	1
8502	2
8503	0
8504	1
8505	2
8506	0
8507	1
8508	2
8509	0
8510	1
8511	2
8512	0
8513	1
8514	2
8515	0
8516	1
8517	2
8518	0
8519	1
8520	2
8521	0
8522	1
8523	2
8524	0
8525	1
8526	2
8527	0
8528	1
8529	2
8530	0
8531	1
8532	2
8533	0
8534	1
8535	2
8536	0
8537	1
8538	2
8539	0
8540	1
8541	2
8542	0
8543	1
8544	2
8545	0
8546	1
8547	2
8548	0
8549	1
8550	2
8551	0
8552	1
8553	2
8554	0
8555	1
8556	2
8557	0
8558	1
8559	2
8560	0
8561	1
8562	2
8563	0
8564	1
8565	2
8566	0
8567	1
8568	2
8569	0
8570	1
8571	2
8572	0
8573	1
8574	2
8575	0
8576	1
8577	2
8578	0
8579	1
8580	2
8581	0
8582	1
8583	2
8584	0
8585	1
8586	2
8587	0
8588	1
8589	2
8590	0
8591	1
8592	2
8593	0
8594	1
8595	2
8596	0
8597	1
8598	2
8599	0
8600	1
8601	2
8602	0
8603	1
8604	2
8605	0
8606	1
8607	2
8608	0
8609	1
8610	2
8611	0
8612	1
8613	2
8614	0
8615	1
8616	2
8617	0
8618	1
8619	2
8620	0
8621	1
8622	2
8623	0
8624	1
8625	2
8626	0
8627	1
8628	2
8629	0
8630	1
8631	2
8632	0
8633	1
8634	2
8635	0
8636	1
8637	2
8638	0
8639	1
8640	2
